0
1
2
3
4
5
6
7
8
9
10
11
12
13
14
16
17
18
19
20
21
22
24
25
26
28
32
33
34
35
36
37
38
40
41
42
44
48
49
50
52
56
64
65
66
67
68
69
70
72
73
74
76
80
81
82
84
88
96
97
98
100
104
112
128
129
130
131
132
133
134
136
137
138
140
144
145
146
148
152
160
161
162
164
168
176
192
193
194
196
200
208
224
256
257
258
259
260
261
262
264
265
266
268
272
273
274
276
280
288
289
290
292
296
304
320
321
322
324
328
336
352
384
385
386
388
392
400
416
448
512
513
514
515
516
517
518
520
521
522
524
528
529
530
532
536
544
545
546
548
552
560
576
577
578
580
584
592
608
640
641
642
644
648
656
672
704
768
769
770
772
776
784
800
832
896
1024
1025
1026
1027
1028
1029
1030
1032
1033
1034
1036
1040
1041
1042
1044
1048
1056
1057
1058
1060
1064
1072
1088
1089
1090
1092
1096
1104
1120
1152
1153
1154
1156
1160
1168
1184
1216
1280
1281
1282
1284
1288
1296
1312
1344
1408
1536
1537
1538
1540
1544
1552
1568
1600
1664
1792
2048
2049
2050
2051
2052
2053
2054
2056
2057
2058
2060
2064
2065
2066
2068
2072
2080
2081
2082
2084
2088
2096
2112
2113
2114
2116
2120
2128
2144
2176
2177
2178
2180
2184
2192
2208
2240
2304
2305
2306
2308
2312
2320
2336
2368
2432
2560
2561
2562
2564
2568
2576
2592
2624
2688
2816
3072
3073
3074
3076
3080
3088
3104
3136
3200
3328
3584
4096
4097
4098
4099
4100
4101
4102
4104
4105
4106
4108
4112
4113
4114
4116
4120
4128
4129
4130
4132
4136
4144
4160
4161
4162
4164
4168
4176
4192
4224
4225
4226
4228
4232
4240
4256
4288
4352
4353
4354
4356
4360
4368
4384
4416
4480
4608
4609
4610
4612
4616
4624
4640
4672
4736
4864
5120
5121
5122
5124
5128
5136
5152
5184
5248
5376
5632
6144
6145
6146
6148
6152
6160
6176
6208
6272
6400
6656
7168
8192
8193
8194
8195
8196
8197
8198
8200
8201
8202
8204
8208
8209
8210
8212
8216
8224
8225
8226
8228
8232
8240
8256
8257
8258
8260
8264
8272
8288
8320
8321
8322
8324
8328
8336
8352
8384
8448
8449
8450
8452
8456
8464
8480
8512
8576
8704
8705
8706
8708
8712
8720
8736
8768
8832
8960
9216
9217
9218
9220
9224
9232
9248
9280
9344
9472
9728
10240
10241
10242
10244
10248
10256
10272
10304
10368
10496
10752
11264
12288
12289
12290
12292
12296
12304
12320
12352
12416
12544
12800
13312
14336
16384
16385
16386
16387
16388
16389
16390
16392
16393
16394
16396
16400
16401
16402
16404
16408
16416
16417
16418
16420
16424
16432
16448
16449
16450
16452
16456
16464
16480
16512
16513
16514
16516
16520
16528
16544
16576
16640
16641
16642
16644
16648
16656
16672
16704
16768
16896
16897
16898
16900
16904
16912
16928
16960
17024
17152
17408
17409
17410
17412
17416
17424
17440
17472
17536
17664
17920
18432
18433
18434
18436
18440
18448
18464
18496
18560
18688
18944
19456
20480
20481
20482
20484
20488
20496
20512
20544
20608
20736
20992
21504
22528
24576
24577
24578
24580
24584
24592
24608
24640
24704
24832
25088
25600
26624
28672
32768
32769
32770
32771
32772
32773
32774
32776
32777
32778
32780
32784
32785
32786
32788
32792
32800
32801
32802
32804
32808
32816
32832
32833
32834
32836
32840
32848
32864
32896
32897
32898
32900
32904
32912
32928
32960
33024
33025
33026
33028
33032
33040
33056
33088
33152
33280
33281
33282
33284
33288
33296
33312
33344
33408
33536
33792
33793
33794
33796
33800
33808
33824
33856
33920
34048
34304
34816
34817
34818
34820
34824
34832
34848
34880
34944
35072
35328
35840
36864
36865
36866
36868
36872
36880
36896
36928
36992
37120
37376
37888
38912
40960
40961
40962
40964
40968
40976
40992
41024
41088
41216
41472
41984
43008
45056
49152
49153
49154
49156
49160
49168
49184
49216
49280
49408
49664
50176
51200
53248
57344
